R 스펙트럼 예시:
380 0.000000
385 0.000000
390 0.000000
395 0.000000
400 0.000000
405 0.000000
410 0.000000
415 0.000000
420 0.000000
425 0.000000
430 0.000000
435 0.000000
440 0.000000
445 0.000000
450 0.000000
455 0.000000
460 0.000000
465 0.000000
470 0.000000
475 0.000000
480 0.000000
485 0.000000
490 0.000001
495 0.000002
500 0.000004
505 0.000008
510 0.000019
515 0.000040
520 0.000084
525 0.000170
530 0.000335
535 0.000644
540 0.001204
545 0.002187
550 0.003866
555 0.006645
560 0.011109
565 0.018063
570 0.028566
575 0.043937
580 0.065729
585 0.095634
590 0.135335
595 0.186270
600 0.249352
605 0.324652
610 0.411112
615 0.506336
620 0.606531
625 0.706648
630 0.800737
635 0.882497
640 0.945959
645 0.986207
650 1.000000
655 0.986207
660 0.945959
665 0.882497
670 0.800737
675 0.706648
680 0.606531
685 0.506336
690 0.411112
695 0.324652
700 0.249352
705 0.186270
710 0.135335
715 0.095634
720 0.065729
725 0.043937
730 0.028566
735 0.018063
740 0.011109
745 0.006645
750 0.003866
755 0.002187
760 0.001204
765 0.000644
770 0.000335
775 0.000170
780 0.000084

G 스펙트럼 예시:
380 0.000004
385 0.000008
390 0.000019
395 0.000040
400 0.000084
405 0.000170
410 0.000335
415 0.000644
420 0.001204
425 0.002187
430 0.003866
435 0.006645
440 0.011109
445 0.018063
450 0.028566
455 0.043937
460 0.065729
465 0.095634
470 0.135335
475 0.186270
480 0.249352
485 0.324652
490 0.411112
495 0.506336
500 0.606531
505 0.706648
510 0.800737
515 0.882497
520 0.945959
525 0.986207
530 1.000000
535 0.986207
540 0.945959
545 0.882497
550 0.800737
555 0.706648
560 0.606531
565 0.506336
570 0.411112
575 0.324652
580 0.249352
585 0.186270
590 0.135335
595 0.095634
600 0.065729
605 0.043937
610 0.028566
615 0.018063
620 0.011109
625 0.006645
630 0.003866
635 0.002187
640 0.001204
645 0.000644
650 0.000335
655 0.000170
660 0.000084
665 0.000040
670 0.000019
675 0.000008
680 0.000004
685 0.000002
690 0.000001
695 0.000000
700 0.000000
705 0.000000
710 0.000000
715 0.000000
720 0.000000
725 0.000000
730 0.000000
735 0.000000
740 0.000000
745 0.000000
750 0.000000
755 0.000000
760 0.000000
765 0.000000
770 0.000000
775 0.000000
780 0.000000

B 스펙트럼 예시:
380 0.011109
385 0.018063
390 0.028566
395 0.043937
400 0.065729
405 0.095634
410 0.135335
415 0.186270
420 0.249352
425 0.324652
430 0.411112
435 0.506336
440 0.606531
445 0.706648
450 0.800737
455 0.882497
460 0.945959
465 0.986207
470 1.000000
475 0.986207
480 0.945959
485 0.882497
490 0.800737
495 0.706648
500 0.606531
505 0.506336
510 0.411112
515 0.324652
520 0.249352
525 0.186270
530 0.135335
535 0.095634
540 0.065729
545 0.043937
550 0.028566
555 0.018063
560 0.011109
565 0.006645
570 0.003866
575 0.002187
580 0.001204
585 0.000644
590 0.000335
595 0.000170
600 0.000084
605 0.000040
610 0.000019
615 0.000008
620 0.000004
625 0.000002
630 0.000001
635 0.000000
640 0.000000
645 0.000000
650 0.000000
655 0.000000
660 0.000000
665 0.000000
670 0.000000
675 0.000000
680 0.000000
685 0.000000
690 0.000000
695 0.000000
700 0.000000
705 0.000000
710 0.000000
715 0.000000
720 0.000000
725 0.000000
730 0.000000
735 0.000000
740 0.000000
745 0.000000
750 0.000000
755 0.000000
760 0.000000
765 0.000000
770 0.000000
775 0.000000
780 0.000000
